from,to
20,0
29,0
3,1
5,1
6,1
7,1
8,1
9,1
29,1
34,1
42,1
43,1
52,1
13,2
37,2
5,3
6,3
9,3
24,3
27,3
15,4
50,4
55,4
6,5
8,7
7,9
8,9
13,9
24,9
27,9
29,9
11,10
19,10
21,10
42,10
43,10
19,11
21,11
42,11
43,11
14,12
49,12
50,12
10,13
11,13
12,13
14,13
19,13
49,13
50,13
49,14
50,14
0,15
8,15
9,15
10,15
11,15
13,15
17,15
25,15
31,15
42,15
43,15
50,15
55,15
34,16
8,17
16,19
24,19
39,19
50,19
29,20
22,21
29,21
23,22
29,22
49,22
28,24
49,24
48,25
50,25
8,27
37,28
31,29
35,29
12,30
26,30
29,30
32,30
39,30
26,32
29,33
31,33
32,33
49,33
50,33
24,34
28,34
49,34
50,34
50,35
36,38
55,38
31,39
43,41
40,42
43,42
46,44
55,44
15,45
29,45
47,45
7,47
8,47
8,48
50,48
28,49
31,49
35,49
39,49
50,49
8,50
4,51
12,51
13,51
17,51
24,51
25,51
34,51
37,51
48,51
49,51
50,51
12,52
19,52
32,52
34,52
49,52
53,52
55,54
56,54
31,55
41,55
43,55
